ID Name                 Hourly Pay          Hours Worked        Gross Pay Dependents     Insurance   Tax       Net Pay
8983936                     0.00                0.00                0.00                   0           0.00        0.00        0.00
8978689                     0.00                0.00                0.00               32761           0.00        0.00        0.00
0                       0.00                0.00                0.00                   0           0.00        0.00        0.00
0                       129950.50           0.00                0.00                   0           0.00        0.00        0.00
3                       0.00                0.00                0.00                   0           0.00        0.00        0.00
0                       0.00                0.00                0.00                   0           0.00        0.00        0.00
0                       0.00                0.00                0.00                   0           0.00        0.00        0.00
8978432                     0.00                0.00                0.00                   0           0.00        0.00        0.00
8983952                     0.00                0.00                0.00               32761           0.00        0.00        0.00
0                       0.00                0.00                0.00                   0           0.00        0.00        0.00
0                       129950.50           0.00                0.00                   0           0.00        0.00   824443.06
-439041201                     0.00                0.00                0.00                   0           0.00        0.00        0.00
1207816000                     0.00                0.00                0.00               32761           0.00        0.00        0.00
4782880                     0.00                0.00                0.00                   0           0.00        0.00   134120.00
