ID Name                 Hourly Pay          Hours Worked        Gross Pay Dependents     Insurance   Tax       Net Pay
5  Christine Kim        30.00               40.00               1380.00                   2          60.00      207.00     1173.00
15 Ray Allrich          10.25               42.00               506.86                   0           0.00       76.03      430.83
16 Adrian Bailey        12.50               40.00               575.00                   0           0.00       86.25      488.75
17 Juan Gonzales        30.00               20.00               690.00                   1          30.00      103.50      586.50
18 Morris Kramer        8.95                40.00               411.70                   0           0.00       61.76      349.95
22 Cindy Burke          15.00               40.00               690.00                   1          30.00      103.50      586.50
24 Esther Bianco        10.25               15.00               176.81                   0           0.00       26.52      150.29
25 Jim Moore            27.50               45.00               1502.19                   3          90.00      225.33     1276.86
32 Paula Cameron        14.50               25.00               416.88                   0           0.00       62.53      354.34
36 Melvin Ducan         10.25               0.00                0.00                   0           0.00        0.00        0.00
37 Nina Kamran          30.00               31.00               1069.50                   1          30.00      160.43      909.08
38 Julie Brown          35.00               35.00               1408.75                   0           0.00      211.31     1197.44
40 Imelda Buentello     14.50               47.50               854.59                   0           0.00      128.19      726.40
42 J. P. Morgan         12.50               39.50               567.81                   0           0.00       85.17      482.64
43 Maria Diaz           15.00               40.00               690.00                   0           0.00      103.50      586.50
